1 2 3 5 4 6 8 7 6 5 4 1 3 7 8 9 0 9 8 7 
1 2 5 4 6 7 9 0 8 7 4 5 3 1 6 5 4 7 3 1 
5 7 9 0 8 6 5 0 6 8 1 5 3 9 5 4 1 4 5 2 
0 9 4 5 1 7 3 9 4 0 5 9 1 6 4 2 6 8 1 2 
5 0 2 8 4 7 6 1 0 3 8 4 9 3 0 2 8 1 0 3 
0 1 9 2 3 9 4 0 1 9 2 0 3 9 1 9 2 3 1 9 
1 2 3 5 4 6 8 7 6 5 4 1 3 7 8 9 0 9 8 7 
1 2 5 4 6 7 9 0 8 7 4 5 3 1 6 5 4 7 3 1 
5 7 9 0 8 6 5 0 6 8 1 5 3 9 5 4 1 4 5 2 
0 9 4 5 1 7 3 9 4 0 5 9 1 6 4 2 6 8 1 2 
5 0 2 8 4 7 6 1 0 3 8 4 9 3 0 2 8 1 0 3 
0 1 9 2 3 9 4 0 1 9 2 0 3 9 1 9 2 3 1 9 
1 2 3 5 4 6 8 7 6 5 4 1 3 7 8 9 0 9 8 7 
1 2 5 4 6 7 9 0 8 7 4 5 3 1 6 5 4 7 3 1 
5 7 9 0 8 6 5 0 6 8 1 5 3 9 5 4 1 4 5 2 
0 9 4 5 1 7 3 9 4 0 5 9 1 6 4 2 6 8 1 2 
5 0 2 8 4 7 6 1 0 3 8 4 9 3 0 2 8 1 0 3 
0 1 9 2 3 9 4 0 1 9 2 0 3 9 1 9 2 3 1 9 
1 2 3 5 4 6 8 7 6 5 4 1 3 7 8 9 0 9 8 7 
1 2 5 4 6 7 9 0 8 7 4 5 3 1 6 5 4 7 3 1 
5 7 9 0 8 6 5 0 6 8 1 5 3 9 5 4 1 4 5 2 
0 9 4 5 1 7 3 9 4 0 5 9 1 6 4 2 6 8 1 2 
5 0 2 8 4 7 6 1 0 3 8 4 9 3 0 2 8 1 0 3 
0 1 9 2 3 9 4 0 1 9 2 0 3 9 1 9 2 3 1 9 
1 2 3 5 4 6 8 7 6 5 4 1 3 7 8 9 0 9 8 7 
1 2 5 4 6 7 9 0 8 7 4 5 3 1 6 5 4 7 3 1 
5 7 9 0 8 6 5 0 6 8 1 5 3 9 5 4 1 4 5 2 
0 9 4 5 1 7 3 9 4 0 5 9 1 6 4 2 6 8 1 2 
5 0 2 8 4 7 6 1 0 3 8 4 9 3 0 2 8 1 0 3 
0 1 9 2 3 9 4 0 1 9 2 0 3 9 1 9 2 3 1 9 
1 2 3 5 4 6 8 7 6 5 4 1 3 7 8 9 0 9 8 7 
1 2 5 4 6 7 9 0 8 7 4 5 3 1 6 5 4 7 3 1 
5 7 9 0 8 6 5 0 6 8 1 5 3 9 5 4 1 4 5 2 
0 9 4 5 1 7 3 9 4 0 5 9 1 6 4 2 6 8 1 2 
5 0 2 8 4 7 6 1 0 3 8 4 9 3 0 2 8 1 0 3 
0 1 9 2 3 9 4 0 1 9 2 0 3 9 1 9 2 3 1 9 